name: realeyes
channels:
  - conda-forge
  - defaults
dependencies:
  - blas=1.1=openblas
  - dbus=1.13.0=h4e0c4b3_1000
  - dlib=19.10=py36_blas_openblas_200
  - expat=2.2.5=hf484d3e_1002
  - giflib=5.1.4=h14c3975_1001
  - gnutls=3.6.5=hd3a4fd2_1002
  - gst-plugins-base=1.12.5=h3865690_1000
  - gstreamer=1.12.5=h0cc0488_1000
  - jpeg=9c=h14c3975_1001
  - libgfortran=3.0.0=1
  - libiconv=1.15=h14c3975_1004
  - libpng=1.6.34=ha92aebf_2
  - libprotobuf=3.5.2=hd28b015_1
  - libwebp=0.5.2=7
  - mkl_fft=1.0.10=py36_0
  - mkl_random=1.0.2=py36_0
  - nettle=3.4.1=h1bed415_1002
  - numpy=1.15.2=py36_blas_openblashd3ea46f_1
  - openblas=0.2.20=8
  - pip=19.0.3=py36_0
  - setuptools=40.8.0=py36_0
  - sqlite=3.20.1=0
  - wheel=0.33.1=py36_0
  - x264=1!152.20180717=h14c3975_1001
  - bzip2=1.0.6=h14c3975_5
  - ca-certificates=2019.1.23=0
  - cairo=1.14.12=h8948797_3
  - certifi=2019.3.9=py36_0
  - ffmpeg=4.0=hcdf2ecd_0
  - fontconfig=2.13.0=h9420a91_0
  - freeglut=3.0.0=hf484d3e_5
  - freetype=2.9.1=h8a8886c_1
  - fribidi=1.0.5=h7b6447c_0
  - glib=2.56.2=hd408876_0
  - graphite2=1.3.13=h23475e2_0
  - harfbuzz=1.8.8=hffaf4a1_0
  - hdf5=1.10.2=hba1933b_1
  - icu=58.2=h9c2bf20_1
  - intel-openmp=2019.1=144
  - jasper=2.0.14=h07fcdf6_1
  - libedit=3.1.20181209=hc058e9b_0
  - libffi=3.2.1=hd88cf55_4
  - libgcc-ng=8.2.0=hdf63c60_1
  - libgfortran-ng=7.3.0=hdf63c60_0
  - libglu=9.0.0=hf484d3e_1
  - libopenblas=0.2.20=h9ac9557_7
  - libopencv=3.4.2=hb342d67_1
  - libopus=1.3=h7b6447c_0
  - libstdcxx-ng=8.2.0=hdf63c60_1
  - libtiff=4.0.10=h2733197_2
  - libuuid=1.0.3=h1bed415_2
  - libvpx=1.7.0=h439df22_0
  - libxcb=1.13=h1bed415_1
  - libxml2=2.9.9=he19cac6_0
  - mkl=2019.1=144
  - ncurses=6.1=he6710b0_1
  - numpy-base=1.14.3=py36h2b20989_0
  - opencv=3.4.2=py36h6fd60c2_1
  - openssl=1.0.2r=h7b6447c_0
  - pango=1.42.4=h049681c_0
  - pcre=8.43=he6710b0_0
  - pixman=0.38.0=h7b6447c_0
  - py-opencv=3.4.2=py36hb342d67_1
  - python=3.6.4=hc3d631a_1
  - qt=4.8.7=4
  - readline=7.0=h7b6447c_5
  - tk=8.6.8=hbc83047_0
  - xz=5.2.4=h14c3975_4
  - zlib=1.2.11=h7b6447c_3
  - zstd=1.3.7=h0b5b093_0
prefix: /home/hmani/miniconda3/envs/realeyes

